function J_constraint = J_ddy_2DSS(in1,in2)
%J_DDY_2DSS
%    J_CONSTRAINT = J_DDY_2DSS(IN1,IN2)

%    This function was generated by the Symbolic Math Toolbox version 7.0.
%    19-Dec-2016 01:06:00

N = in2(:,3);
T = in1(:,22);
alpha1_1 = in1(:,23);
alpha1_2 = in1(:,27);
alpha1_3 = in1(:,31);
alpha1_4 = in1(:,35);
alpha1_5 = in1(:,39);
alpha1_6 = in1(:,43);
alpha2_1 = in1(:,24);
alpha2_2 = in1(:,28);
alpha2_3 = in1(:,32);
alpha2_4 = in1(:,36);
alpha2_5 = in1(:,40);
alpha2_6 = in1(:,44);
alpha3_1 = in1(:,25);
alpha3_2 = in1(:,29);
alpha3_3 = in1(:,33);
alpha3_4 = in1(:,37);
alpha3_5 = in1(:,41);
alpha3_6 = in1(:,45);
alpha4_1 = in1(:,26);
alpha4_2 = in1(:,30);
alpha4_3 = in1(:,34);
alpha4_4 = in1(:,38);
alpha4_5 = in1(:,42);
alpha4_6 = in1(:,46);
index = in2(:,4);
t5 = N-1.0;
t6 = 1.0./t5;
t7 = index-1.0;
t8 = t6.*t7;
t2 = t8-1.0;
t3 = t2.^2;
t4 = 1.0./T.^3;
t9 = t7.^2;
t10 = 1.0./t5.^3;
t11 = 1.0./t5.^2;
t12 = 1.0./T.^2;
t13 = t2.*t3.*t12.*2.0e1;
t14 = t2.*t9.*t11.*t12.*6.0e1;
t18 = t3.*t6.*t7.*t12.*6.0e1;
t21 = t2.*t3.*t12.*4.0e1;
t15 = -t18-t21;
t16 = t3.*t6.*t7.*t12.*1.2e2;
t17 = t13+t14+t16;
t19 = t7.*t9.*t10.*t12.*4.0e1;
t20 = t14+t19;
t23 = t7.*t9.*t10.*t12.*2.0e1;
t24 = t2.*t9.*t11.*t12.*1.2e2;
t22 = -t18-t23-t24;
J_constraint = reshape([0.0,0.0,0.0,0.0,0.0,0.0,0.0,0.0,0.0,0.0,0.0,0.0,0.0,0.0,0.0,0.0,0.0,0.0,0.0,0.0,0.0,0.0,0.0,0.0,0.0,0.0,0.0,0.0,0.0,0.0,0.0,0.0,0.0,0.0,0.0,0.0,0.0,0.0,0.0,0.0,0.0,0.0,0.0,0.0,0.0,0.0,0.0,0.0,0.0,0.0,0.0,0.0,0.0,0.0,0.0,0.0,0.0,0.0,0.0,0.0,0.0,0.0,0.0,0.0,0.0,0.0,0.0,0.0,1.0./2.0,0.0,-1.0,0.0,1.0./2.0,0.0,1.0,0.0,0.0,1.0./2.0,0.0,-1.0,0.0,1.0./2.0,0.0,1.0,alpha1_1.*t2.*t3.*t4.*-4.0e1+alpha1_2.*t2.*t3.*t4.*8.0e1-alpha1_3.*t2.*t3.*t4.*4.0e1+alpha1_2.*t3.*t4.*t6.*t7.*1.2e2-alpha1_3.*t3.*t4.*t6.*t7.*2.4e2+alpha1_4.*t3.*t4.*t6.*t7.*1.2e2-alpha1_3.*t2.*t4.*t9.*t11.*1.2e2+alpha1_4.*t2.*t4.*t9.*t11.*2.4e2-alpha1_5.*t2.*t4.*t9.*t11.*1.2e2+alpha1_4.*t4.*t7.*t9.*t10.*4.0e1-alpha1_5.*t4.*t7.*t9.*t10.*8.0e1+alpha1_6.*t4.*t7.*t9.*t10.*4.0e1,alpha2_1.*t2.*t3.*t4.*-4.0e1+alpha2_2.*t2.*t3.*t4.*8.0e1-alpha2_3.*t2.*t3.*t4.*4.0e1+alpha2_2.*t3.*t4.*t6.*t7.*1.2e2-alpha2_3.*t3.*t4.*t6.*t7.*2.4e2+alpha2_4.*t3.*t4.*t6.*t7.*1.2e2-alpha2_3.*t2.*t4.*t9.*t11.*1.2e2+alpha2_4.*t2.*t4.*t9.*t11.*2.4e2-alpha2_5.*t2.*t4.*t9.*t11.*1.2e2+alpha2_4.*t4.*t7.*t9.*t10.*4.0e1-alpha2_5.*t4.*t7.*t9.*t10.*8.0e1+alpha2_6.*t4.*t7.*t9.*t10.*4.0e1,alpha3_1.*t2.*t3.*t4.*-4.0e1+alpha3_2.*t2.*t3.*t4.*8.0e1-alpha3_3.*t2.*t3.*t4.*4.0e1+alpha3_2.*t3.*t4.*t6.*t7.*1.2e2-alpha3_3.*t3.*t4.*t6.*t7.*2.4e2+alpha3_4.*t3.*t4.*t6.*t7.*1.2e2-alpha3_3.*t2.*t4.*t9.*t11.*1.2e2+alpha3_4.*t2.*t4.*t9.*t11.*2.4e2-alpha3_5.*t2.*t4.*t9.*t11.*1.2e2+alpha3_4.*t4.*t7.*t9.*t10.*4.0e1-alpha3_5.*t4.*t7.*t9.*t10.*8.0e1+alpha3_6.*t4.*t7.*t9.*t10.*4.0e1,alpha4_1.*t2.*t3.*t4.*-4.0e1+alpha4_2.*t2.*t3.*t4.*8.0e1-alpha4_3.*t2.*t3.*t4.*4.0e1+alpha4_2.*t3.*t4.*t6.*t7.*1.2e2-alpha4_3.*t3.*t4.*t6.*t7.*2.4e2+alpha4_4.*t3.*t4.*t6.*t7.*1.2e2-alpha4_3.*t2.*t4.*t9.*t11.*1.2e2+alpha4_4.*t2.*t4.*t9.*t11.*2.4e2-alpha4_5.*t2.*t4.*t9.*t11.*1.2e2+alpha4_4.*t4.*t7.*t9.*t10.*4.0e1-alpha4_5.*t4.*t7.*t9.*t10.*8.0e1+alpha4_6.*t4.*t7.*t9.*t10.*4.0e1,t13,0.0,0.0,0.0,0.0,t13,0.0,0.0,0.0,0.0,t13,0.0,0.0,0.0,0.0,t13,t15,0.0,0.0,0.0,0.0,t15,0.0,0.0,0.0,0.0,t15,0.0,0.0,0.0,0.0,t15,t17,0.0,0.0,0.0,0.0,t17,0.0,0.0,0.0,0.0,t17,0.0,0.0,0.0,0.0,t17,t3.*t6.*t7.*t12.*-6.0e1-t2.*t9.*t11.*t12.*1.2e2-t7.*t9.*t10.*t12.*2.0e1,0.0,0.0,0.0,0.0,t22,0.0,0.0,0.0,0.0,t22,0.0,0.0,0.0,0.0,t22,t20,0.0,0.0,0.0,0.0,t20,0.0,0.0,0.0,0.0,t20,0.0,0.0,0.0,0.0,t20,t7.*t9.*t10.*t12.*-2.0e1,0.0,0.0,0.0,0.0,t7.*t9.*t10.*t12.*-2.0e1,0.0,0.0,0.0,0.0,-t23,0.0,0.0,0.0,0.0,-t23],[4,46]);
