function J_constraint = J_dy_2DSS(in1,in2)
%J_DY_2DSS
%    J_CONSTRAINT = J_DY_2DSS(IN1,IN2)

%    This function was generated by the Symbolic Math Toolbox version 7.0.
%    19-Dec-2016 01:05:59

N = in2(:,1);
T = in1(:,15);
alpha1_1 = in1(:,16);
alpha1_2 = in1(:,20);
alpha1_3 = in1(:,24);
alpha1_4 = in1(:,28);
alpha1_5 = in1(:,32);
alpha1_6 = in1(:,36);
alpha2_1 = in1(:,17);
alpha2_2 = in1(:,21);
alpha2_3 = in1(:,25);
alpha2_4 = in1(:,29);
alpha2_5 = in1(:,33);
alpha2_6 = in1(:,37);
alpha3_1 = in1(:,18);
alpha3_2 = in1(:,22);
alpha3_3 = in1(:,26);
alpha3_4 = in1(:,30);
alpha3_5 = in1(:,34);
alpha3_6 = in1(:,38);
alpha4_1 = in1(:,19);
alpha4_2 = in1(:,23);
alpha4_3 = in1(:,27);
alpha4_4 = in1(:,31);
alpha4_5 = in1(:,35);
alpha4_6 = in1(:,39);
index = in2(:,2);
t5 = N-1.0;
t6 = 1.0./t5;
t7 = index-1.0;
t8 = t6.*t7;
t2 = t8-1.0;
t3 = t2.^2;
t4 = 1.0./T.^2;
t9 = t3.^2;
t10 = t7.^2;
t11 = 1.0./t5.^4;
t12 = t10.^2;
t13 = 1.0./t5.^3;
t14 = 1.0./t5.^2;
t15 = 1.0./T;
t16 = t9.*t15.*5.0;
t17 = t3.*t10.*t14.*t15.*3.0e1;
t18 = t11.*t12.*t15.*5.0;
t19 = t2.*t3.*t6.*t7.*t15.*2.0e1;
t20 = t17+t19;
t21 = t2.*t7.*t10.*t13.*t15.*2.0e1;
t22 = t18+t21;
t23 = -t16-t19;
t24 = -t17-t21;
J_constraint = reshape([0.0,0.0,0.0,0.0,0.0,0.0,0.0,0.0,0.0,0.0,0.0,0.0,0.0,0.0,0.0,0.0,0.0,0.0,0.0,0.0,0.0,0.0,0.0,0.0,0.0,0.0,0.0,0.0,0.0,0.0,0.0,0.0,0.0,0.0,0.0,0.0,0.0,0.0,0.0,0.0,1.0./2.0,0.0,-1.0,0.0,1.0./2.0,0.0,1.0,0.0,0.0,1.0./2.0,0.0,-1.0,0.0,1.0./2.0,0.0,1.0,alpha1_1.*t4.*t9.*-5.0+alpha1_2.*t4.*t9.*5.0-alpha1_5.*t4.*t11.*t12.*5.0+alpha1_6.*t4.*t11.*t12.*5.0-alpha1_3.*t3.*t4.*t10.*t14.*3.0e1+alpha1_4.*t3.*t4.*t10.*t14.*3.0e1+alpha1_2.*t2.*t3.*t4.*t6.*t7.*2.0e1-alpha1_3.*t2.*t3.*t4.*t6.*t7.*2.0e1+alpha1_4.*t2.*t4.*t7.*t10.*t13.*2.0e1-alpha1_5.*t2.*t4.*t7.*t10.*t13.*2.0e1,alpha2_1.*t4.*t9.*-5.0+alpha2_2.*t4.*t9.*5.0-alpha2_5.*t4.*t11.*t12.*5.0+alpha2_6.*t4.*t11.*t12.*5.0-alpha2_3.*t3.*t4.*t10.*t14.*3.0e1+alpha2_4.*t3.*t4.*t10.*t14.*3.0e1+alpha2_2.*t2.*t3.*t4.*t6.*t7.*2.0e1-alpha2_3.*t2.*t3.*t4.*t6.*t7.*2.0e1+alpha2_4.*t2.*t4.*t7.*t10.*t13.*2.0e1-alpha2_5.*t2.*t4.*t7.*t10.*t13.*2.0e1,alpha3_1.*t4.*t9.*-5.0+alpha3_2.*t4.*t9.*5.0-alpha3_5.*t4.*t11.*t12.*5.0+alpha3_6.*t4.*t11.*t12.*5.0-alpha3_3.*t3.*t4.*t10.*t14.*3.0e1+alpha3_4.*t3.*t4.*t10.*t14.*3.0e1+alpha3_2.*t2.*t3.*t4.*t6.*t7.*2.0e1-alpha3_3.*t2.*t3.*t4.*t6.*t7.*2.0e1+alpha3_4.*t2.*t4.*t7.*t10.*t13.*2.0e1-alpha3_5.*t2.*t4.*t7.*t10.*t13.*2.0e1,alpha4_1.*t4.*t9.*-5.0+alpha4_2.*t4.*t9.*5.0-alpha4_5.*t4.*t11.*t12.*5.0+alpha4_6.*t4.*t11.*t12.*5.0-alpha4_3.*t3.*t4.*t10.*t14.*3.0e1+alpha4_4.*t3.*t4.*t10.*t14.*3.0e1+alpha4_2.*t2.*t3.*t4.*t6.*t7.*2.0e1-alpha4_3.*t2.*t3.*t4.*t6.*t7.*2.0e1+alpha4_4.*t2.*t4.*t7.*t10.*t13.*2.0e1-alpha4_5.*t2.*t4.*t7.*t10.*t13.*2.0e1,t16,0.0,0.0,0.0,0.0,t16,0.0,0.0,0.0,0.0,t16,0.0,0.0,0.0,0.0,t16,-t16-t2.*t3.*t6.*t7.*t15.*2.0e1,0.0,0.0,0.0,0.0,t23,0.0,0.0,0.0,0.0,t23,0.0,0.0,0.0,0.0,t23,t20,0.0,0.0,0.0,0.0,t20,0.0,0.0,0.0,0.0,t20,0.0,0.0,0.0,0.0,t20,-t17-t2.*t7.*t10.*t13.*t15.*2.0e1,0.0,0.0,0.0,0.0,t24,0.0,0.0,0.0,0.0,t24,0.0,0.0,0.0,0.0,t24,t22,0.0,0.0,0.0,0.0,t22,0.0,0.0,0.0,0.0,t22,0.0,0.0,0.0,0.0,t22,-t18,0.0,0.0,0.0,0.0,-t18,0.0,0.0,0.0,0.0,-t18,0.0,0.0,0.0,0.0,-t18],[4,39]);
