function J_constraint = J_y_2DSS(in1,in2)
%J_Y_2DSS
%    J_CONSTRAINT = J_Y_2DSS(IN1,IN2)

%    This function was generated by the Symbolic Math Toolbox version 7.0.
%    19-Dec-2016 01:05:57

N = in2(:,1);
index = in2(:,2);
t5 = N-1.0;
t6 = 1.0./t5;
t7 = index-1.0;
t8 = t6.*t7;
t2 = t8-1.0;
t3 = t2.^2;
t4 = t3.^2;
t9 = t7.^2;
t10 = t9.^2;
t11 = 1.0./t5.^2;
t12 = t2.*t3.*t9.*t11.*1.0e1;
t13 = 1.0./t5.^3;
t14 = 1.0./t5.^4;
t15 = t2.*t10.*t14.*5.0;
t16 = 1.0./t5.^5;
J_constraint = reshape([0.0,0.0,0.0,0.0,0.0,0.0,0.0,0.0,0.0,0.0,0.0,0.0,1.0./2.0,0.0,-1.0,0.0,1.0./2.0,0.0,1.0,0.0,0.0,1.0./2.0,0.0,-1.0,0.0,1.0./2.0,0.0,1.0,0.0,0.0,0.0,0.0,t2.*t4,0.0,0.0,0.0,0.0,t2.*t4,0.0,0.0,0.0,0.0,t2.*t4,0.0,0.0,0.0,0.0,t2.*t4,t4.*t6.*t7.*-5.0,0.0,0.0,0.0,0.0,t4.*t6.*t7.*-5.0,0.0,0.0,0.0,0.0,t4.*t6.*t7.*-5.0,0.0,0.0,0.0,0.0,t4.*t6.*t7.*-5.0,t12,0.0,0.0,0.0,0.0,t12,0.0,0.0,0.0,0.0,t12,0.0,0.0,0.0,0.0,t12,t3.*t7.*t9.*t13.*-1.0e1,0.0,0.0,0.0,0.0,t3.*t7.*t9.*t13.*-1.0e1,0.0,0.0,0.0,0.0,t3.*t7.*t9.*t13.*-1.0e1,0.0,0.0,0.0,0.0,t3.*t7.*t9.*t13.*-1.0e1,t15,0.0,0.0,0.0,0.0,t15,0.0,0.0,0.0,0.0,t15,0.0,0.0,0.0,0.0,t15,-t7.*t10.*t16,0.0,0.0,0.0,0.0,-t7.*t10.*t16,0.0,0.0,0.0,0.0,-t7.*t10.*t16,0.0,0.0,0.0,0.0,-t7.*t10.*t16],[4,32]);
